Final stample SL.Spe [30.289424, 46.46673, 55.415878, 63.67663, 77.788748, 88.803084, 93.966054, 104.291994, 213.40276, 239.561808, 296.35447800000003, 353.147148, 610.607252, 1462.497302]
Ta_24_28MeV.Spe [30.289424, 46.122532, 47.499324, 56.104274000000004, 57.481066, 62.988234, 65.053422, 66.774412, 86.737896, 93.277658, 113.58534, 121.157696, 133.893022, 222.00771]
Ta_25_27MeV.Spe [30.289424, 46.122532, 47.499324, 56.104274000000004, 57.481066, 62.988234, 65.053422, 66.774412, 86.737896, 93.277658, 113.58534, 133.893022]
Ta_26_26MeV.Spe [30.289424, 46.122532, 47.499324, 56.104274000000004, 57.481066, 62.988234, 65.053422, 66.774412, 86.737896, 93.277658, 103.603598, 113.58534, 133.893022, 213.40276]
Ta_28_23MeV.Spe [30.289424, 46.122532, 47.499324, 56.104274000000004, 57.481066, 62.988234, 65.053422, 66.774412, 86.737896, 93.277658, 113.58534, 133.893022]
Ta_29_24MeV.Spe [30.289424, 46.122532, 47.499324, 56.104274000000004, 57.481066, 65.053422, 66.774412, 86.737896, 93.277658, 113.58534, 120.813498, 133.893022, 222.00771]
Ta_30_25MeV.Spe [30.289424, 46.122532, 47.499324, 56.104274000000004, 57.481066, 65.053422, 66.774412, 86.737896, 93.277658, 95.687044, 113.58534, 121.157696, 133.893022, 222.00771]
Ta_31_18MeV.Spe [30.289424, 46.122532, 47.499324, 56.104274000000004, 57.481066, 59.202056, 62.988234, 65.053422, 66.774412, 93.277658, 133.893022, 222.00771]
Ta_32_19MeV.Spe [30.289424, 46.122532, 47.499324, 56.104274000000004, 57.481066, 62.988234, 65.053422, 66.774412, 93.277658, 133.893022]
Ta_33_20MeV.Spe [30.289424, 46.122532, 47.499324, 56.104274000000004, 57.481066, 65.053422, 66.774412, 77.788748, 93.966054, 104.291994, 133.893022, 239.561808, 296.35447800000003, 352.80295, 610.607252, 1462.153104]
Ta_34_22MeV.Spe [30.289424, 46.122532, 47.499324, 56.104274000000004, 57.481066, 62.988234, 65.053422, 66.774412, 86.737896, 93.277658, 103.603598, 113.58534, 133.893022]
